TRAFFIC_LIGHT 0.998048 1552 925 1562 930
TRAFFIC_LIGHT 0.993662 1335 735 1391 769
CAR 0.988801 1705 968 2170 1424
TRAFFIC_SIGN 0.988281 2120 905 2136 917
TRAFFIC_LIGHT 0.985873 1441 937 1450 940
TRAFFIC_SIGN 0.980469 2120 918 2136 932
TRAFFIC_LIGHT 0.979093 2244 619 2381 677
ROADPAINT 0.975681 1047 1175 1132 1212
TRAFFIC_SIGN 0.975586 2245 950 2261 966
TRAFFIC_LIGHT 0.974655 2447 840 2477 896
TRAFFIC_SIGN 0.973633 2245 933 2262 941
ROADPAINT 0.970757 924 1231 1026 1296
TRAFFIC_SIGN 0.969755 1384 820 1443 858
TRAFFIC_LIGHT 0.968482 1550 933 1560 938
CAR 0.959802 1254 1037 1526 1310
TRAFFIC_SIGN 0.955078 2244 917 2263 935
ROADPAINT 0.945951 573 1354 829 1489
TRAFFIC_LIGHT 0.937037 1430 922 1440 929
CAR 0.936774 1418 965 1440 990
TRAFFIC_SIGN 0.935838 1516 897 1533 921
TRAFFIC_SIGN 0.917112 2120 939 2137 959
CAR 0.903202 1252 968 1357 1071
TRAFFIC_LIGHT 0.902869 1504 937 1511 944
TRAFFIC_SIGN 0.891602 2121 932 2136 940
TRAFFIC_LIGHT 0.882851 1189 852 1200 894
PEDESTRIAN 0.877438 951 963 986 1073
TRAFFIC_SIGN 0.868164 2121 888 2138 904
ROADPAINT 0.853027 1383 1006 1396 1008
ROADPAINT 0.839355 1372 1017 1391 1020
ROADPAINT 0.839355 1380 1016 1398 1020
BICYCLE 0.838098 952 977 1067 1210
PEDESTRIAN 0.835478 514 959 558 1095
CAR 0.831141 1474 963 1487 1001
ROADPAINT 0.807129 1406 994 1416 996
PEDESTRIAN 0.803333 774 964 843 1032
PEDESTRIAN 0.800257 1517 980 1549 1082
TRAFFIC_SIGN 0.789165 1458 893 1506 922
MOTORBIKE 0.778770 1156 1008 1255 1209
TRAFFIC_LIGHT 0.774125 1431 936 1439 940
TRAFFIC_LIGHT 0.758509 1502 941 1509 945
PEDESTRIAN 0.706208 2406 995 2469 1145
PEDESTRIAN 0.703093 557 976 627 1153
TRAFFIC_SIGN 0.688154 1694 859 1710 878
TRUCK 0.666327 1486 944 1529 1000
TRAFFIC_SIGN 0.656430 1417 889 1455 917
TRAFFIC_SIGN 0.624779 1623 946 1630 955
CAR 0.618387 1550 963 1560 975
TRAFFIC_LIGHT 0.544600 1553 944 1559 948
TRAFFIC_SIGN 0.544156 2242 894 2263 916
TRUCK 0.537823 1558 956 1585 978
CAR 0.530159 1443 962 1456 980
TRAFFIC_LIGHT 0.524399 1444 923 1454 931
TRAFFIC_LIGHT 0.521323 1519 943 1525 947
ROADPAINT 0.514397 1347 1033 1361 1037
TRAFFIC_SIGN 0.491684 1624 952 1629 957
TRAFFIC_LIGHT 0.471234 1427 941 1434 946
PEDESTRIAN 0.458212 1627 966 1634 976
TRAFFIC_LIGHT 0.437319 1644 955 1652 962
ROADPAINT 0.420898 1418 995 1432 997
TRAFFIC_SIGN 0.420033 1716 907 1725 920
TRAFFIC_LIGHT 0.413119 1407 945 1412 950
TRAFFIC_LIGHT 0.410783 1462 945 1468 949
CAR 0.407423 1476 960 1485 982
PEDESTRIAN 0.387679 1592 964 1597 978
PEDESTRIAN 0.386749 1375 962 1382 975
TRAFFIC_LIGHT 0.381392 1569 945 1575 950
CAR 0.347767 1457 962 1471 980
CAR 0.345135 1533 962 1543 976
TRAFFIC_LIGHT 0.341590 1480 945 1487 950
PEDESTRIAN 0.336186 1391 964 1397 974
TRAFFIC_LIGHT 0.323560 1536 945 1543 950
CAR 0.319603 1650 979 1705 1002
TRUCK 0.319114 1445 955 1459 964
TRUCK 0.311128 1461 954 1471 963
PEDESTRIAN 0.305824 1603 962 1609 974
TRAFFIC_SIGN 0.303075 2246 942 2263 955
BICYCLE 0.295233 2625 1064 2718 1104
ROADPAINT 0.282715 1394 1038 1428 1041
TRAFFIC_LIGHT 0.279022 2280 684 2314 744
TRAFFIC_SIGN 0.273395 1377 936 1384 944
PEDESTRIAN 0.257122 1358 967 1365 979
TRUCK 0.248715 1535 951 1544 967
TRAFFIC_SIGN 0.246956 1717 918 1726 928
CAR 0.245806 1422 962 1439 980
CAR 0.236518 1465 967 1475 992
ROADPAINT 0.234619 1354 1016 1366 1020
BICYCLE 0.233580 2602 999 2706 1097
TRAFFIC_SIGN 0.222797 1569 933 1575 937
TRAFFIC_LIGHT 0.219622 1394 946 1399 951
ROADPAINT 0.217285 1349 1029 1361 1033
ROADPAINT 0.214722 1403 1002 1413 1004
PEDESTRIAN 0.210089 1451 969 1475 1043
ROADPAINT 0.203414 1390 996 1402 999
ROADPAINT 0.202393 1373 1006 1390 1008
