TRAFFIC_SIGN 0.998893 2121 941 2135 959
ROADPAINT 0.998262 1048 1174 1130 1213
ROADPAINT 0.998232 927 1232 1028 1296
TRAFFIC_LIGHT 0.998055 1331 735 1391 769
TRAFFIC_SIGN 0.998031 1696 859 1713 881
CAR 0.997102 1257 968 1351 1072
PEDESTRIAN 0.996935 2396 996 2465 1150
TRAFFIC_LIGHT 0.996524 2236 620 2385 676
CAR 0.996524 1255 1035 1520 1311
BICYCLE 0.996151 964 978 1065 1204
TRAFFIC_SIGN 0.996149 2247 934 2261 942
TRAFFIC_SIGN 0.996105 1385 820 1442 859
TRAFFIC_SIGN 0.995730 2121 905 2135 917
PEDESTRIAN 0.995555 1500 983 1542 1090
TRAFFIC_SIGN 0.995295 2122 917 2135 933
TRAFFIC_SIGN 0.995132 2122 934 2134 940
MOTORBIKE 0.995129 1158 1008 1253 1209
CAR 0.994995 1689 963 2103 1380
PEDESTRIAN 0.993818 556 987 633 1154
PEDESTRIAN 0.993794 475 961 542 1095
TRAFFIC_LIGHT 0.993709 2444 839 2473 896
TRAFFIC_SIGN 0.993471 1678 860 1694 881
CAR 0.993270 1417 967 1438 991
CAR 0.992483 1439 960 1473 1010
TRAFFIC_SIGN 0.992406 1517 895 1534 920
TRUCK 0.990379 1487 934 1530 1001
TRAFFIC_SIGN 0.989652 2246 943 2262 966
PEDESTRIAN 0.989289 787 963 851 1029
TRAFFIC_SIGN 0.989125 2246 916 2261 934
TRAFFIC_SIGN 0.988892 1458 892 1506 919
ROADPAINT 0.984035 570 1356 829 1489
TRAFFIC_SIGN 0.980994 2244 895 2263 916
TRAFFIC_SIGN 0.971751 2121 886 2136 904
TRAFFIC_SIGN 0.969728 2473 835 2491 892
CAR 0.957639 1531 965 1540 975
PEDESTRIAN 0.954946 2598 991 2663 1095
PEDESTRIAN 0.950542 968 960 1002 1051
CAR 0.948498 1649 981 1703 1004
TRAFFIC_LIGHT 0.937000 1430 922 1442 930
CAR 0.927061 1557 951 1589 984
TRAFFIC_SIGN 0.891718 1421 891 1451 918
TRAFFIC_LIGHT 0.858832 1553 924 1564 931
ROADPAINT 0.851014 1374 1017 1386 1022
ROADPAINT 0.848759 1383 1006 1394 1011
TRAFFIC_LIGHT 0.841660 1550 930 1561 939
TRAFFIC_SIGN 0.841559 1444 921 1458 934
BICYCLE 0.831609 2614 1068 2725 1102
PEDESTRIAN 0.826662 386 968 417 1069
CAR 0.826325 1549 963 1562 977
TRAFFIC_SIGN 0.823029 1566 922 1576 930
PEDESTRIAN 0.815486 604 972 633 1035
ROADPAINT 0.796632 1381 1015 1396 1023
TRAFFIC_LIGHT 0.794040 1442 932 1452 940
ROADPAINT 0.778258 1351 1031 1362 1034
CAR 0.770590 1426 962 1441 978
TRUCK 0.759979 1454 954 1471 961
ROADPAINT 0.715336 1496 1014 1546 1022
TRAFFIC_SIGN 0.656587 1191 850 1199 891
PEDESTRIAN 0.634270 1464 973 1495 1082
ROADPAINT 0.557257 1456 1017 1466 1021
CAR 0.526431 1477 963 1486 972
CAR 0.514414 1476 958 1485 965
TRUCK 0.461956 1446 952 1464 962
CAR 0.377588 1478 969 1488 992
ROADPAINT 0.358890 2592 1184 2677 1199
PEDESTRIAN 0.350352 1648 971 1654 988
CAR 0.340902 1426 959 1438 967
TRAFFIC_SIGN 0.337709 1431 934 1442 940
TRAFFIC_SIGN 0.331322 1717 909 1726 923
ROADPAINT 0.305880 1350 1033 1360 1037
ROADPAINT 0.297022 1407 994 1416 997
TRAFFIC_LIGHT 0.273243 1429 941 1436 945
UNKNOWN 0.271187 1676 958 1684 983
TRAFFIC_SIGN 0.258673 1716 916 1725 929
TRAFFIC_SIGN 0.253573 1568 931 1575 936
PEDESTRIAN 0.252921 1629 967 1634 981
ROADPAINT 0.237902 2457 1156 2528 1172
TRAFFIC_SIGN 0.213624 1304 955 1311 967
PEDESTRIAN 0.200182 1245 963 1254 1003
